0101
1011
0110
0011
1011
0100
0000
1011
1100
0001
1010
1111
1000
0000
1011
0001
0001
0111
0011
1001
1000
1001
0101
1000
0101
1110
0100
1110
0100
1111
0001
0101
0110
1000
1010
1001
0111
0101
1010
1110
1111
0010
0001
0000
1000
0000
0000
0111
0111
0000
0011
0110
0001
1111
0111
1100
0011
0001
1101
0001
1011
1011
0011
0010
1001
0001
1001
0101
0111
1110
1100
0110
0001
1000
1101
0111
1111
0111
1001
0111
1001
0101
1100
0000
1100
0110
1111
1101
1000
1110
1000
1100
0010
1010
1011
1011
0011
1011
0011
0011
