101001100
111001111
001001111
100100001
000111001
100100011
011101100
011100001
100010000
011111100
101101001
110001101
111000011
011011110
111101010
101101000
010100001
011100011
100010100
011010000
100000100
101011000
100111100
000000110
000011001
011001001
110110111
111100100
100100101
100101100
010110101
110111110
110001001
100000110
010111110
110100010
101001011
110101010
000000000
110111000
001111010
011110111
110001010
111001100
100000100
000001111
011011001
101101011
101011000
001011000
010010000
011111000
100100101
010011101
101010011
100111011
000100000
000001110
000110011
010110000
100000101
001001001
111010110
010100100
101010100
000111011
001110111
000111000
010100000
010101101
100011100
100110111
100011000
111110111
100100101
111111011
001001011
101000100
000010110
010001011
111100010
100101000
110011001
000011110
011010100
011110100
100010011
010010100
000100111
110110000
111000110
010100001
010110100
000100111
100111010
101111001
001000101
111100100
011000101
111110010
